<?xml version="1.0"?>
<opencv_storage>
<R1 type_id="opencv-matrix">
  <rows>3</rows>
  <cols>3</cols>
  <dt>d</dt>
  <data>
    9.9993849117778066e-001 6.4951797085930378e-003
    -8.9903560361289034e-003 -6.4722244219386806e-003
    9.9997572648696176e-001 2.5800674225945658e-003
    9.0068958101744770e-003 -2.5217211237872007e-003
    9.9995625741851257e-001</data></R1>
	
<P1 type_id="opencv-matrix">
  <rows>3</rows>
  <cols>4</cols>
  <dt>d</dt>
  <data>
    5.6422947878078583e+002 0. 2.9707486724853516e+002 0. 0.
    5.6422947878078583e+002 2.3562531280517578e+002 0. 0. 0. 1. 0.</data></P1>
	
<R2 type_id="opencv-matrix">
  <rows>3</rows>
  <cols>3</cols>
  <dt>d</dt>
  <data>
    9.9996463938991853e-001 8.2830708744417100e-003
    -1.4528271332351112e-003 -8.2867500220324825e-003
    9.9996242583064832e-001 -2.5449363366190796e-003
    1.4316926564152087e-003 2.5568855613959424e-003
    9.9999570628696377e-001</data></R2>
	
<P2 type_id="opencv-matrix">
  <rows>3</rows>
  <cols>4</cols>
  <dt>d</dt>
  <data>
    5.6422947878078583e+002 0. 3.3339658355712891e+002
    -4.4448008188719377e+003 0. 5.6422947878078583e+002
    2.3562531280517578e+002 0. 0. 0. 1. 0.</data></P2>
	
<Q type_id="opencv-matrix">
  <rows>4</rows>
  <cols>4</cols>
  <dt>d</dt>
  <data>
    1. 0. 0. -2.9707486724853516e+002 0. 1. 0. -2.3562531280517578e+002
    0. 0. 0. 5.6422947878078583e+002 0. 0. 1.2694145402087639e-001
    4.6107314807466695e+000</data></Q>
</opencv_storage>