<?xml version="1.0"?>
<opencv_storage>
<M1 type_id="opencv-matrix">
  <rows>3</rows>
  <cols>3</cols>
  <dt>d</dt>
  <data>
    5.9936813854127513e+002 0. 2.8986459392062130e+002 0.
    5.9936813854127513e+002 2.2911707186539167e+002 0. 0. 1.</data></M1>
	
<D1 type_id="opencv-matrix">
  <rows>1</rows>
  <cols>5</cols>
  <dt>d</dt>
  <data>
    -1.2159209079645933e-001 -3.6971394863563545e-002 0. 0.
    2.2735291972534813e-001</data></D1>
	
<M2 type_id="opencv-matrix">
  <rows>3</rows>
  <cols>3</cols>
  <dt>d</dt>
  <data>
    5.9936813854127513e+002 0. 3.3291577952776578e+002 0.
    5.9936813854127513e+002 2.4195337177830839e+002 0. 0. 1.</data></M2>
	
<D2 type_id="opencv-matrix">
  <rows>1</rows>
  <cols>5</cols>
  <dt>d</dt>
  <data>
    -1.3163120682174817e-001 -4.6455873185678703e-002 0. 0.
    3.1337772241828632e-001</data></D2>	
</opencv_storage>